3 3 -1
3 2 -1
4 0 -1
4 1 -1
4 6 -1
3 1 -1
5 97 0
4 2 -1
5 98 0
4 2 -1
5 99 0
4 2 -1
5 0 0
4 3 -1
5 97 0
2 9 -1
5 98 0
2 4 -1
4 0 -1
5 99 0
2 6 -1
5 0 0
4 1 -1
4 3 -1
3 1 -1
5 97 0
2 9 -1
6 48 0
4 2 -1
5 98 0
4 2 -1
5 99 0
4 4 -1
6 50 0
2 4 -1
6 51 0
4 5 -1
4 2 -1
5 0 0
4 3 -1
5 99 0
4 4 -1
6 48 0
4 5 -1
2 9 -1
6 49 0
4 3 -1
5 97 0
2 9 -1
6 49 0
2 4 -1
6 50 0
2 4 -1
6 55 0
2 0 -1
6 51 0
2 2 -1
4 0 -1
6 52 0
2 4 -1
6 54 0
4 1 -1
2 4 -1
6 49 0
4 3 -1
5 98 0
2 9 -1
6 49 0
2 4 -1
6 50 0
4 3 -1
5 98 0
2 9 -1
6 50 0
2 1 -1
6 52 0
4 3 -1
5 98 0
4 4 -1
6 49 0
4 5 -1
2 9 -1
6 50 0
4 3 -1
4 7 -1
